583614438
2040918552
69451857
1627318130
484314500
112982515
2058427545
126726686
2751710377
309728588
132318719
2269516643
92768820
142179889
31338060
2235314121
142982466
234429378
252414170
1725325792
860815093
757918863
242869856
116533632
157325534
571412465
3134717174
300096627
153659441
2315816491
2649225479
2135118243
47403798
2142015545
285739087
119166521
581832615
2709125340
447217346
2813428708
164330691
319517735
105320854
879918349
1924117383
1802220516
127964667
1659424049
663315081
2912322900
1795212023
1234227626
3122217155
827023873
36920554
70361240
3172411024
